Y <- c(8,4,12,9, 16, 14, 10, 15, 22, 13)
X <- c(5.6, 6.3, 6.8, 6.0, 8.0, 7.0, 7.0, 6.8, 7.0, 7.8)